0.0955864066810909
-1.70387149190296
-0.555192807049853
-0.369486828700832
1.93772531774533
-1.52527716530622
-0.0793407945172713
0.309669561567944
-0.445712240615529
-0.0963871049104438
-0.640552430484318
-0.199807469919009
-0.944074780384716
0.3595740460579
0.334363018896345
-1.06280217479715
0.106909141025853
-0.601042191551952
-0.378492735021645
-0.0673944545747113
0.127568190359773
-1.10317924176996
0.211637698363464
-0.729175395375577
-1.47335798337477
-1.14651166969391
-0.262506515338706
0.924007141463203
-0.707015902816643
0.962869464294646
1.46443919375486
0.32264316342578
-0.1465239380233
-0.925529732126281
0.961222488762929
0.733680299116254
-0.403069161684917
1.34063463799567
1.07688001287878
0.083464071958386
-0.440620563381941
-1.56445317315587
0.167013814291643
-0.392549177512754
0.802938059693101
-2.19422930821818
0.818123720622008
1.84302376365351
0.0874976520779232
-0.986776098560704
1.03503862846648
-0.686484399280309
-0.298626480076407
0.113384203760627
0.332582891112083
0.0126458326754342
-0.739380070869716
-0.8586401870538
1.14666527513083
-0.271144368873566
-0.110513365325373
1.1338808416864
-0.159668709792522
-0.893870171469117
-1.6575966576308
0.633493364326335
-0.61997671297225
-1.03917250730727
0.37439427785219
0.582463059180186
1.88425373308861
-1.58116539151923
-1.41534996989583
-0.404748155290726
-0.926379326583138
1.82853955773309
0.0260688846352698
-0.274920251415509
0.967759871030953
0.337357078115932
1.98824446961466
1.07074195244545
-1.86428422555174
-0.556526597403943
-0.859820967121478
-0.777866545690718
-0.641225064725682
-0.250266287069207
0.578198569951068
-1.63851308828804
0.318029781619241
1.29957256597932
-0.982002915972308
-0.487037468219844
1.19316994177882
1.78228846875521
-1.0107397157665
0.716892360501596
0.104575481381211
0.481365171902475
1.29866626539141
-0.857801958572457
1.36074835485659
-0.283162998348926
0.382134268827176
1.36540084836965
-2.97528695505412
-1.5562549834585
-0.522309201249878
-1.57179721494255
-0.174519191756456
-1.02101720823006
0.0895969463571554
-1.08006596664051
-0.224966119287845
0.349366617671073
-0.484311757955712
-0.563244943571696
0.0796443228050304
-0.0327869569705708
0.115205978236706
0.527994774219752
0.119675987730474
1.52540806413116
-0.923162834947678
-0.174324979751024
2.09431204557387
-0.00913486276120514
1.17645146968715
0.197490336430533
0.148974077335472
-0.758639117075437
-0.408909701756589
-1.61098507896172
-0.639430050192926
-1.30563353516191
-0.366099704523913
0.617110141604953
-0.229025481179003
-0.384632995109171
-0.173552331728708
2.268622214942
0.241384802787719
1.3575640128136
-1.18401746804233
-0.654997814763661
-0.400003195453784
-0.346326092655212
-1.59705487099543
1.03903430254835
2.08438274216305
-0.515440415062646
0.16118378477988
-2.43397807142246
0.461292119695612
0.00971888428866845
1.58722890908162
-0.110071437176474
-0.769797663748929
0.28132140893886
-0.0037820131398613
-1.45571650711826
-1.91425296036329
1.63459991772137
-0.367242515996901
-1.23992971606101
0.636569853423184
1.1195416901528
0.647336054645236
0.203223738171947
-0.56186054215122
0.065362104193731
-0.00578913380613399
2.56037777351636
-0.732945031309125
-0.2002308533728
0.863273350882811
0.582050313973252
1.68375585680241
-0.0345308352698566
-0.309895043689544
0.251075226190243
0.602144998335249
-0.265162919286445
0.178119214657402
1.01256604282297
-0.545011532582883
2.02312510483552
-0.958369593358875
0.635135888805758
0.403027813412769
1.55518721034412
-0.122646369808796
0.379681409410396
-1.57515974178198
-1.13219869496882
0.015170014869433
-2.18110586616627
-1.28886189492327
-0.561984475684205
-0.0865184980621652
-1.28004420560335
0.31601988059527
0.811165707420374
0.253727240110698
-0.0193459811961315
-1.20185457568071
-1.03066301018374
-0.980128013701756
0.676592174550724
1.52581323835727
-2.09629744389932
1.10527503497522
0.202221033448567
-1.97957612910802
0.775838500253567
1.20568864359836
-0.516242542131951
-0.243188816919506
0.400421638159558
0.0909788127577153
-0.429933048903978
0.400044191617705
-1.01836797100783
-0.528654048660066
0.602083265853385
1.19497300822769
-2.06241330152052
-0.78346742836675
0.229622493651654
-0.261342977352823
-0.111049017019256
-0.0186436274864266
-0.870849987889602
1.27521998102626
-0.068528860775502
0.318255341763095
-0.943236264956077
-0.578736982251244
2.25623759230079
0.762145370744907
-1.30956831215974
0.561473893665265
-0.0359842258831523
2.18710684486557
-0.924377563158215
-0.473059784351934
-0.177640939672572
0.284358028692301
-1.46882445205821
1.36098736281841
0.397665623283011
-2.44565691396538
0.227678727584272
-1.85738618891543
0.318076919141643
-1.63972706337901
-0.934057003309421
-0.308230057807853
-1.81348204847606
-0.510926465540233
-0.499769811444255
0.860037224948632
1.98302236948246
-0.0794115500981457
0.640745425493927
2.43941982849692
-1.0313983957512
-0.294524467827388
1.39354420682294
2.07853539046193
-0.749466376926989
0.927322827750628
2.30416246898322
-0.452241765509806
2.00283163842397
0.0215726808337403
1.19733210880743
1.21620546907034
1.22413864578007
-0.615584857371181
-0.936580015333097
0.426276798326337
0.698521360642956
0.386564718939633
-0.219467052858775
-0.152239360921919
-0.418597558540595
-0.997891850071677
-1.25789612767512
0.821040978191528
0.0623972498069658
-1.82936087626197
0.738482249892058
1.18624207102119
1.70716556182886
-0.745553751750437
-0.515471817112919
0.219824151743592
-0.190629596165777
0.107874852414381
1.52890362694762
-1.09001638700116
-1.03807456050661
0.134832920116237
2.21720197538944
0.307912471780482
0.271667596087197
-0.394450500503279
1.55132360254101
-1.4123580299396
1.7095607585631
-1.86526993626637
0.0437137513771788
-0.135846540345443
2.08215325790277
0.102444624358742
-0.524871995082117
0.289940484210387
0.289954949029439
0.210248785229668
-0.719483175522075
-1.0390227645827
-0.579769765231065
0.0935999301715818
1.43065898531343
0.585500318376277
0.226507087557112
-2.65336403573955
0.321834446940496
-0.139093015013327
-0.404746451654144
-0.402761526830978
-1.11400932081645
-0.320518543464236
-0.734365362570495
0.461930566723291
-0.587829438941293
0.163419899216179
0.950909501905163
-0.130593631031711
0.961072674177611
0.790684595298194
0.225121593303112
-1.38401647456644
0.398318421522471
-0.57846063090356
-0.926968517193381
-0.0331696152583974
0.818735181888577
2.17591207820216
0.119577233388968
-0.946129569801581
0.646154888079669
0.687233854057541
-1.17370758279128
-1.67774731366827
0.572880428217251
1.33189808834585
-0.289836272207418
0.424721993488076
-0.855313587379394
0.8402328340328
0.953684946748823
-0.0247193138730462
0.113402961986676
-0.298213147501285
1.45824975020584
0.778327259756025
-1.60619891011109
3.04920619709489
-2.54146711600308
-1.72983235655294
-0.810985616229333
-0.47823266401801
-0.524694381600825
-0.761518057058397
-0.956431223960311
-0.623434865383058
1.96672870117812
2.07742065321304
-0.790823746373409
-0.368037777604974
0.0178650065165489
-1.28019300838242
0.0353663567975278
0.715437766970984
0.689411344421085
1.02321889944665
0.821795581378523
-0.295207479614719
0.785794802995344
1.37401896058219
0.268841106999118
1.56743437389725
-0.406374209145747
-2.21958277596515
-0.0228169445334446
-0.049347798714766
-0.282361172121266
-0.863433826360982
-3.1842335298683
0.849263431207726
-1.59611567693958
-1.38741377876021
-1.37147138124181
0.764198904719133
-0.69298345066116
0.764103622474923
1.59252002961419
0.507110630699365
0.423454618024915
1.19346799063824
0.116462213576417
0.825149508467436
1.33157457536741
-1.65428840221785
0.976323743354698
0.925699772624857
-1.24122058182959
-0.0658365933841387
0.348314869128483
-2.95524520135311
0.10128504676312
-0.686814258917852
-0.347855340416591
0.891679511838225
0.918172484929287
-1.3213054706647
-0.267326873161935
-1.42927963056148
-1.29802606029354
-0.989026184549599
1.35569155743286
-0.367263491132596
-0.0033142356776759
0.429322617295433
1.42534290562729
0.483739909561068
0.613626509275601
0.713016806109496
2.12755296214098
-1.6060829109851
-0.325458788111785
-0.434883498565265
0.236270811009858
-0.823470855910857
-0.238580805552383
-0.415467605216019
0.590102896624899
0.179435270020784
0.457470929471037
-0.797319279017008
1.79302496439833
-1.34583343664975
0.286775876823911
1.19670001138531
-0.0296051096859639
-1.19629582825675
-0.717170473522177
-2.10657147591939
0.598177953073191
-2.18686596892568
-0.401639755047997
-0.0905203862006791
-0.67948131991533
0.527607258246621
1.28069106413529
-1.39801226389347
1.61851895462087
0.0516879114137013
0.25564555511414
0.574084273827054
-0.934482704776966
1.97590461509559
0.427704539333031
0.0282756965685026
-0.613535081015895
-0.595457530441836
-0.73811582678038
1.69242642895266
-0.86926166624355
2.01185706476456
-0.741748313783682
0.176102311663067
-0.116754861290976
0.224671015871919
0.429331325705151
0.655742405863188
-1.81809128626851
-0.0882088755273204
1.41422860521683
0.517078330138876
-0.519266691539975
1.09659051832485
-0.67658109359972
0.547139610342434
-0.370896274426527
0.854372199927132
0.147397742966844
-1.41133414291466
-1.16532804704202
1.55777342298725
0.0892987832995271
1.85967693683122
0.734919630038848
2.25417941446774
0.327476410576699
0.916877032080086
-2.07469248473806
-1.22081132822402
-1.13816233070892
0.628852567589798
-0.948359328572401
0.602661810133436
-0.677556113328145
0.545392689011875
-0.664202756648343
0.497821143360312
0.777096968528282
-0.0368240872128971
1.24377153436086
-0.267678916357922
-0.789970192470981
0.192704765587004
-0.063458361595685
-1.59903897894048
0.350108148615032
-1.02894508122176
1.68026946400569
-0.438062630276829
1.13967021689307
-0.920237140931483
-0.704145800058155
-0.464371471544935
1.14498218717198
-1.20655607475434
0.557291231757011
-0.941997902219823
0.449164018763706
-0.700164988107598
-0.839890352958298
0.237614497101475
0.0665206408921781
-0.771023274366075
0.283091579841359
0.640447832518138
-0.842563972196542
0.472250367211399
-0.339226580204873
1.09613220204564
0.00492520393751793
-0.666254974930293
-1.68555090139266
-0.763584636360476
-0.00659048153687699
-0.961468416151794
-0.0289016810411869
1.22037783079024
1.33096053907644
-1.00790478185236
-1.16322589350442
2.20460558461769
-0.715073760269333
0.708654692772688
0.8714511336119
-1.47230801450812
-0.211741805844793
1.62954025755285
-0.653029216114535
1.19600579089719
-0.562122298039706
1.70003102900133
0.407497460622526
-0.56064231136672
1.16617062471587
1.27216461572812
0.53106445789742
-0.328876345491834
0.827981365692095
1.95023062850789
0.21916498775021
-0.0130481493088065
-0.275915850998534
0.708741703380107
-0.478642126089008
-0.562122799150149
-0.814248139040683
-0.726928701812745
-1.5477161336146
1.18750047036036
-0.612158166772431
-0.212163084888195
1.73097135900174
-0.0171554923853549
0.715585043368521
0.4820413108861
-0.171941081395203
0.225719901484148
-0.972771113648664
-0.632528519173702
0.432830789375361
0.779428941804161
-1.05032043261649
-1.79713080538664
-0.95292488702251
0.740027533441195
-0.435667673052187
0.486537705490969
-0.171584302863807
-0.669670374192323
-0.189752740970273
0.478222047966486
0.505413315147981
0.32318464346414
-0.499217171383668
1.67595349312345
0.772466238484675
1.57173493121514
2.10970856605902
-0.00938438965673813
-1.42553947833364
0.14788361317801
-1.78604821547433
-0.112959364252391
-1.44698175295185
0.0967031674352276
1.01100507619998
0.961089044094912
-0.357019521835934
-1.42495716663518
-0.525299521589613
-0.156663015820603
1.21666642581712
-0.990301581519496
0.399908304574078
-0.630671421523617
-0.224152514447132
-1.00947855315783
-0.510809775630188
-0.617998426678871
0.704401128075254
0.719173827147556
-0.644086971743739
-3.17575469381956
2.15884790376013
0.0673664207341798
-0.626408996447945
-0.531064458459882
-0.255320476406729
-0.500131758584167
1.66166675184103
0.15830349443681
-0.741700951443303
-0.0250345240780723
0.424307981022072
0.608969663054631
-0.337955158792879
1.11259062527376
-0.915837688568978
1.16217261771884
-0.645396429014591
-0.97699489487773
0.361149614635891
-0.758070476228148
-1.82042794317102
-0.748956606721357
0.541273579087576
-1.67145319579784
-0.31319702851019
-0.511972279750846
-0.0256059881251398
1.21594159490586
1.40113492100193
0.609768708543648
1.39180353660651
2.79370908327917
-0.188864575915751
-0.15953180701522
1.09750848369707
-0.820972701677392
0.550399581330314
0.024958505472219
0.183025994575398
-0.756731363719403
1.21518717107725
0.579372336349574
-1.96314481563413
-1.14077207748342
-0.252333713063392
-0.937763485047623
-0.554066639005002
-1.4119405256385
-0.945058878553963
-0.654738487242311
0.833551622024593
-0.583647687286295
0.675923866443088
0.791562879769293
0.626378083050187
-1.4754078601576
-0.415206817187618
-0.917438129811311
0.384923538805394
0.534064815174664
-0.225447688802226
-2.12308175247541
1.04400128734426
-0.343721442278894
0.595895152622398
-2.16191132173366
-1.76055816323912
-0.0721802936628546
-0.378815801005895
0.188418898880724
-1.38957372448442
0.549564567993817
1.71473727552709
0.514689664879988
-0.176736850689679
0.776878475149408
0.828244890951981
0.249986462752143
-1.2548656084674
-0.50083814113664
-0.725440568102661
-0.410788888525787
1.04243681192996
1.12545864746175
-0.279533115721958
0.13990600271079
-1.31483439343422
1.26904426695964
0.312160384022577
-1.21956798653203
0.920479673863776
-0.640575883962012
-0.148510886006853
0.0132182851046177
0.632966799886701
0.866150537197615
0.362483956397807
-0.848827986195466
-1.39470725595839
0.574856196774285
-1.12497594130506
-1.74133110872001
-1.35103197268492
0.729065269850407
0.0881961673061261
-1.50904486333007
0.370318733609421
-0.40815984231405
0.798260791486676
1.54531126475136
-0.192938762305478
1.77126067034108
-1.11667256102247
0.824176471321851
0.485287945636494
2.09762820841513
0.180248879275779
0.384305235541403
0.254486983085491
1.67327827835249
0.988686888116971
0.904202592406644
0.933360929096527
0.221677141126166
0.088370865683086
0.205059274783998
-0.300981834308994
-0.564382896740183
1.59136841936393
-0.398872760885978
-0.369829177333884
-1.5225873107016
1.97487298553694
0.423349733186435
0.668843978649669
0.734449529155569
1.3801892300084
1.18187392655386
-0.405572309415543
2.30665356838866
0.69687324098501
-0.796423289659474
0.675307143801949
0.612380084974085
-1.56569437258601
-0.417621435157256
-0.233700976149285
-0.240026189124656
0.145595335670356
0.843065493064033
1.17356570025175
1.33407097138946
0.439085902927302
-2.4752458704769
-0.196943141594276
0.491423784619588
-0.832763831955832
-0.726445292627372
3.73849493179249
0.313124373011631
-0.490280670762205
-0.847937881730201
2.64542841896601
-1.54089499014952
1.38268538455854
-0.628207497609537
1.9992585939986
-0.401638223669515
0.97752572317531
-0.460395734636419
0.0212407178234781
-0.908852704130613
-1.13810601957629
0.975233001020098
2.74233333349254
1.03339434304052
0.285201446606167
-1.29351908916367
-0.950955953437597
0.196805084603915
-0.54733001024021
-0.704547513351139
-0.261335825938045
0.305090967723156
-1.48687588605015
0.798028304652905
0.279619209842119
1.90312438042569
0.586362169610288
0.853825390146429
-0.899377436449361
-1.12011183319153
-1.33847964132656
-1.12671855745079
1.23598158751034
1.09459845790946
-0.259328353123223
2.07275010151767
-0.208844222018185
1.26697441944006
0.644358904107746
-0.594955183453859
0.681658860248911
-1.04862675338732
0.381601404199636
1.10136008275406
0.129679708078393
0.474969273393433
-0.788147036117085
0.169075365599598
-0.417088502652198
-0.369576161148187
0.968714056831592
0.520188374640965
-0.291800552657173
1.97689093810804
-1.91049213760485
2.40061875943197
1.94533048652018
-0.585613634592291
0.702540713138565
-0.53361574238343
-0.585032151463307
-2.10737340265222
0.144039801541498
-0.0012910136501804
0.631128671237183
-0.681528925102637
0.0457602618703815
-0.651294565292339
0.6747052962411
0.420123830391474
-1.03386620116238
0.390582808287565
0.630658427535857
-0.665219410430559
0.555421551542333
0.37473061122719
-0.549788799543582
-0.451911354922381
1.03194087849182
-0.35498540362417
-0.58487809197291
0.904528792383579
-0.697741030818264
-0.641870735872695
2.32810967642211
1.39002449808925
-0.0377509392997496
0.470852921811018
0.903666619705628
0.451115642472674
-1.69954082710056
-1.50981343479996
1.13241800505108
1.23715151541874
-0.917828773698867
-0.980577154669866
0.0469434810597922
0.0847890034959685
0.802467675161677
1.21100043027062
0.231080250826348
-1.77555663131401
-1.8855159807629
-0.758128062900993
1.00086539318496
-0.900189526186221
0.186744023208394
-0.357271821012781
1.30683373418348
0.575389042612511
-2.15843361749065
0.863221606517099
-0.122132394119507
0.918513706999168
0.778722130979963
1.00762681760413
-3.44129806241607
-1.17756121332155
1.35245075567594
1.16341218135752
0.532306020264944
0.747963340077549
-3.05957059236671
-0.994872257943628
0.57049731775953
-0.854601695530314
-1.44574962408593
0.447323280111913
-1.07748923460779
-0.774933681328695
-0.272958235409422
1.49758173193887
0.039985066749767
-0.56078955156845
0.559489993376601
1.05400060940783
0.163596742792709
-0.707136896912354
0.0347037000273183
1.72209308392132
1.60838280489661
-0.841296453408524
1.41008995479102
0.687104124383637
-0.146615402068207
-0.309040659656263
-0.176345804786814
0.320536579711387
0.0875126505938291
-1.27320957422313
0.186258217812834
-1.53930735715328
0.241980210292347
1.10809296126172
-0.807484026573049
-1.15285211157383
0.776874157912733
0.854172451821298
1.08295492761331
0.0160675659899141
-1.54181301970804
-1.46156441620797
0.306803601092962
-0.759699916723407
2.19845783596132
-0.73335899975088
-0.465791832255794
-0.429336373339082
-1.16063673201415
0.409371220057027
0.530959836301413
-0.704897547792983
-0.764487409169103
0.481457977617275
-0.309217889969668
1.97804855905397
0.828537222955418
0.323706196528777
1.97153037490245
-0.405429637043717
0.291282095502759
0.25560710217124
1.56526900992585
-0.106857025292664
-0.576310897984971
1.36197684032563
-1.01100857940369
-0.15524905942687
1.92157066768474
1.33724709754219
0.701016248809214
-0.130247801432417
-0.172758758351612
0.27460352124091
0.649998734513812
0.0476838893474824
1.97728896148113
0.422391475835047
1.09187217194028
-0.988916392942261
0.0344430485818748
-1.09383868757058
-0.638014998437998
-0.553676283617568
-0.827850171959496
-2.65487552830294
0.813435391755276
-0.469843621410168
1.44332154123479
0.867416746591193
-1.06028661755229
-0.822940122195854
0.855543370120554
-0.271724451374003
0.00546133428132572
-0.879653307038587
0.455824947840142
0.887332987302599
0.434441962684905
0.203313189392659
-0.588108022176321
0.26153234902574
-2.50660741024895
-0.479322795042515
0.536694068390104
-0.471269509229593
0.173584982976418
-1.19591884264394
-0.464792551599114
0.426656436558063
0.106966884577068
2.04098516478421
-0.0935596444228842
0.617884042366776
1.41494002660283
1.34991383331002
2.9527828455227
-1.31822060545723
0.743634536246994
-0.448546421593065
-0.691954975321179
0.555150395132996
-0.508700884097064
0.260931922536357
-1.45317091648994
1.31614983549287
-0.287841998562918
-0.988969788139687
-0.064193189212884
0.0338334087023053
-0.338286783250394
-1.05631914280955
1.16459785817207
0.354428305645167
-0.295107031598921
-1.42789406737482
-0.451176993594684
-0.0732249810771897
-0.326779474766321
-0.0455874771668374
-0.710719050732035
-0.567642324196091
-1.55634664672222
-0.353522133882512
-2.59354678806191
2.60538519126888
-0.198432794930122
-0.519548335983767
-0.547160248678913
0.0784000395905195
0.0832048976616914
0.681124809847872
-1.59635921150139
0.678201252160984
0.393476158206859
0.107904479851324
2.14795235887052
2.50328904244752
0.462888485717243
-1.90675642940513
0.278232730053377
0.200401879430252
-1.88378046965454
1.1968727814438
-0.432004077470127
0.380766658222323
-0.357901373722537
0.697466039246848
0.0263003686911111
-0.678073220046956
0.557173203406917
0.179716658727675
0.164400968053436
0.239213877729569
-0.651124572310719
1.90797575071161
0.849212249406387
1.79646323042915
-0.127741362115204
0.277410898131547
-1.54686506149113
1.52922594319156
0.262225661006671
1.30187536350739
1.63291802954532
0.0739231899809369
-1.65105760353324
0.704932744889169
-1.36593032131337
-2.05170505323697
0.289855621293962
-0.213286129782314
-1.40842217121959
-0.172058679280269
2.11696468406024
0.555361823136699
-0.0781442923163468
3.01378419899274
-1.05235709799531
0.45378977004472
-1.56775298700687
-1.06295434283229
0.883802590474204
0.185840734713869
0.979350274107113
1.22016926570074
-0.950528383776391
-0.878386958872387
2.32412379225744
-1.44749448997204
-0.0491116895864446
-0.106513562758659
-0.10314865976904
0.158388864152143
-0.148080643028874
-1.57709936001949
-1.33662250674697
-0.266215736399756
1.72621378200347
-0.706958954180234
0.845596799638659
0.401007898296788
-0.247899269121248
0.474471081433719
-1.21653951384586
1.11190737789552
0.507302118769915
0.696899275776685
-0.183953629311824
0.0956319106319149
1.2533783354765
-0.87403134639551
0.283836206697222
-2.17864619006395
-0.572773589504661
0.919725145251726
-0.154950321590514
0.955189317135184
-0.627099218162924
-1.79533967079898
0.595215273220334
-0.166531374661855
-0.259871260903483
-0.530394086736572
0.720976766346756
0.0639156854905561
-0.399373728552108
-0.0509329060398615
0.204355042266388
-0.736061383413659
0.391314103835434
-0.0368503569019958
1.68367001593314
-1.91386356085835
-1.10711035740415
-0.447670722687938
0.251419662626942
-0.10514840006261
-0.860887584953182
0.279558746207286
-0.439025672219358
-0.109869214329062
-0.357875903093657
-1.17535159321961
-1.36405104386351
0.426297805024972
-0.685271882512824
0.41428615505682
-0.496466750049162
2.27229930682438
0.0509522139431094
-1.30433408722674
-0.833546216631314
-0.0640510885349924
-0.215561828752169
-0.863261857522628
0.177300734193528
0.811510756057027
-1.70836159784981
0.866583569420944
2.18867364579728
0.922742053986934
-1.39462764764568
-0.994862025730866
-0.359093463008062
-0.215426208830405
0.188828160871311
-1.729584043421
1.12803595554844
1.03854149739149
0.854231682886604
2.51029276534581
0.748259679622812
-2.21675767937223
0.660851074898281
-1.68208048297338
1.73521939423559
0.63114914585836
0.391314549275458
-0.205473138038446
-0.789499970581183
0.263850153190376
-1.59601932033007
-0.223873320005672
-2.4605202964318
-0.524536412591831
-0.771094787341283
1.91512392471916
-0.016339619732645
-0.610079589272702
-0.191580896362053
-1.27728658729975
-1.16194299165735
-0.636968819049196
0.58728485237119
1.17212756570566
2.00306408730001
-1.0072111518112
-1.35846488407644
-0.902851738293206
-0.863037332128855
-1.71203492128642
1.0705509902923
1.9341678654352
0.342001153074842
-1.1070677156565
-0.740212112537967
0.140089037871297
-0.993941756725333
-0.0415367946477924
0.254862665752201
-1.39285304260076
-0.337404591333833
0.577186390921334
-0.311813998305629
0.315790444759105
1.10213237762861
1.72094663634645
0.263348232170493
-0.781859370712382
-0.683003192072674
-0.738090026918574
1.07673698245507
-1.39091877559637
0.917725323139418
-0.502824271878154
0.469489293197522
1.20564317265598
-0.908038804684341
-0.389887096792123
-1.84118696290121
0.205950800228226
2.68132955675942
0.61953419731824
-1.45586744659385
-0.0694651822755418
0.434169556893546
-0.0701892217124436
-0.290071830532919
-0.0467577358704783
0.248327863132388
0.49311824870714
2.12120802894417
0.0928246086757507
0.238952661638679
0.0716663709103273
1.06811591320565
0.214506153608189
0.371746129193793
1.71235151853837
-0.0828724700390232
1.92745893647653
0.281960313301435
1.09627166917596
1.65103375448155
-0.567364720272551
0.902067409265294
-1.86030230832262
0.941302907499147
0.592462134272865
-1.04967905573759
-0.400865818027078
0.499705262919035
-1.11216260706839
0.297917632937354
-1.05978002987014
0.931630569586868
-1.66092558034793
0.42103107655296
-1.74212561485934
-0.253408369588857
1.17601283126127
0.222926019299453
0.360147778322191
0.216855939229264
1.10029225183852
0.273276837580135
-0.813418584713526
0.194486538355464
-0.0356189106942809
1.31143522346572
0.987257840438482
0.988858685220959
1.32265179871078
-0.352005157953119
-1.15546239817104
-0.117529843326173
-0.19003309421671
0.371568775407735
-1.41420284854516
-0.229706377212262
-0.825329396757461
0.929371676752686
-0.346440588198305
1.95053074141756
1.19859696154654
0.9545332689725
0.296341448768851
1.91615400706027
-0.49085743407553
-1.09604171086166
0.647464305295328
-0.150987298771864
0.216620246726164
0.0970306992974194
-2.03226687057405
-1.35396410814868
-0.81790466325015
-0.83868492568035
0.733901013695228
1.28521223851435
-0.438551257784224
0.129934937520847
0.984065569055631
-0.321943170695403
0.968850449083964
-1.56334709998704
-0.0226882818122442
1.96409647006073
-0.328773155616276
-2.75271000990712
0.298368749606949
1.61133610248381
-1.12787325083412
-1.65334803003796
-0.47963680479088
-0.386065457893042
0.0073066147912569
-0.721582981349777
-0.273139202597774
1.56488480571909
-0.0504939012910997
1.43663362044187
-0.394066312083721
0.706243499375368
0.680435558714622
-0.0950428217879427
-0.603145564864143
0.629485424645347
-2.58179668398217
-1.81317067552935
0.699101171450709
-0.588267782071976
-0.193067454628514
1.69216438623821
0.639166514358043
0.486079458930281
-0.768933301283541
0.881219956911882
1.54021433917127
0.88871143883371
0.644145034045741
-0.602438314143389
-1.82361397351339
1.42053577673909
0.33684802415008
1.01986285587298
1.1176650598114
0.135642946537575
0.313739461343444
1.51378555666205
-0.548427249361469
0.414698890278017
2.16842633753258
2.52412034819818
1.03985426034867
-1.06960886366796
-1.35782321664534
0.199030519218554
-0.0590289184776964
1.06777026321475
1.13826638053807
2.1529427172576
-0.584360396724393
1.96231552001933
0.576889122170344
-0.43135072862364
-0.442205694197006
0.0548674778726873
1.59172031524568
3.73338017070432
-0.132952387410385
0.0513551172014897
1.57073703409494
0.812987744014154
0.353300633685454
-0.926268397329666
0.206806063595192
0.266220565513601
0.17893459299261
0.890113332695437
-0.89323268764939
0.0652666986622648
1.72585342871408
0.627403604906787
1.8878287235629
0.547751965012554
1.1633833332459
-0.307952329265579
-0.593481259298473
-0.972504563899731
0.760869087182509
-0.0862106475595733
0.899864733706735
-0.664352056673449
0.441123078130065
-0.233164193022975
-1.52128392932037
0.600955121686849
-1.31037098513304
1.20679061224624
-1.8142774115452
1.04268258820435
-1.1366342312021
-1.01324174992754
0.285614500143387
0.56129163805704
0.191423540655466
0.331682218317721
0.279827927369487
1.12413672522145
-0.600183002747126
1.39666774568307
-0.00055388262881108
-0.00159164120438867
1.69092762671959
0.475129111150344
0.723242930532933
0.890152544890166
-0.938413777687255
2.13659244759744
-0.20886307261173
-0.116903051077914
-0.150124282080749
1.15851569553103
0.239040015505525
-2.06103400126552
-1.13602632740665
1.36191165625073
-0.00783333905434013
0.866363228063277
-0.283542289011358
-0.295183708985383
-0.479166241526437
-0.603940678851981
-1.51659051310284
0.369684105179653
-1.56032270013065
0.033983076060388
1.26312250295598
-0.982683671443086
1.4668472470823
-2.21012289701732
0.350692790392622
-1.21792798880846
0.342948114648358
1.07592864088125
-0.482719061572136
1.23409905382564
-0.496555148668647
-1.25446408292203
0.10107704374133
1.21682084767916
-0.385371245059798
0.0906499379687846
1.15267696378062
-1.46866816887949
-0.855548602965817
1.80350399706619
-0.230197770443684
-1.02860172612176
2.81610438153683
1.8227405609571
-0.129679751670134
-0.51634402115398
-0.0754353931313368
0.548340099021539
0.0155072111095301
-1.01507661479777
0.0217698460747748
-1.13032136566316
-0.188310328951916
-0.726184585627763
0.876265940121911
0.0872115285411419
-0.013908097192159
-0.31552241170878
-0.399359432502692
-0.521018837380313
-1.3456004094134
-0.814426025865032
0.117046996865323
0.289408859406304
0.23028122704832
1.51156041811257
-1.0993375385426
-0.585145878747976
-1.66616042292209
1.21368246931955
-0.0182727206733535
0.211452159538186
0.763307816425959
-1.09722530384489
0.0157438675591792
-1.18635850806019
-0.407668571395979
-0.378364886109739
0.584362958335759
0.0642386790536184
-0.786676606712227
1.30326346783206
0.55906080979297
0.237434254101018
1.98202729801107
-0.381892380379973
0.575694293926142
-1.61023045462099
0.898070350587434
0.394940996188888
-0.946244088257617
-1.99130208315946
1.99490579277262
-0.203433803493014
-1.30907312985352
0.776997304337087
-1.53493118670282
0.668686611532979
1.59229812720837
1.73506565584573
-0.533173750410637
0.765124240492823
0.502438637072069
-1.46918174410239
-0.0996362510852099
-0.5493004391123
-2.30985451221257
-0.2807751339415
1.19171846935377
-0.756260044812398
-0.46654636524723
-0.211006002901059
0.801540963947716
1.22291243477454
-0.295097929691263
-0.291976883689618
0.38216531285662
0.845729603578182
0.979580764572988
-0.472987957498412
-0.397187018085117
1.22408079722285
-1.43760480762467
1.05141133601656
-1.91162018710666
-1.11894007663199
0.463268465863477
-1.44426391258283
2.60705178177975
-2.32249917072845
-0.440930427756496
-0.211343624620346
-1.41139514409315
-0.146237980884726
0.501712900753871
-0.406256557230783
-1.12213731760317
-0.759702710293577
-0.48350693914456
-0.238021478323373
-0.715145384104808
-0.630494220964552
0.681965103113216
-0.884058852792736
1.54942638790195
-0.592537523772558
0.249042834390047
-1.39239347215912
-0.540683467969653
0.219259845405808
0.895480018946026
-0.402366164399071
0.26204018056226
0.00121344413221944
1.00610634497764
0.0341415655756439
-0.630898544862241
-0.219360643958697
0.844852862559346
-0.486326430711117
-0.252428163524708
1.74386825450952
1.35640503302612
-0.299420751411029
-0.0953385293931628
-0.14369085424759
-0.897824669047451
-1.38927081789311
0.107753461746905
-1.68959841548097
0.979564982314563
0.554963873785249
0.777391883959163
-0.763456682035601
-0.112585484031148
0.898136958317448
0.778595222377714
-1.24016114289671
0.643139080168254
0.0695046720931976
1.23710191377874
0.721008822980411
-1.07698745323917
1.06830247603241
1.4841827096927
-1.0324240686133
0.0232394333340294
0.690873584478069
0.138468667125301
0.899251586322455
0.351807420089259
-0.453814013001166
-1.64853072931457
0.667782824376427
1.07988379843021
-0.188150897715825
0.312059116271931
-1.53234188220123
-1.28711917147226
-1.44717995140959
-1.28958844908301
0.432881057035185
-0.22894361556896
2.02538370368383
0.527346075172915
-0.90870417289313
-0.154972399857493
1.33631075035827
0.217791566639154
0.683398794237209
-0.356749526641449
1.09915131711434
-0.637331915818366
0.216309232400824
-0.813203033997013
-0.259771369701085
-0.214782103970551
-0.0235165587011866
0.485938698782006
-0.834869590793216
1.65432218247545
1.18528085264314
-1.49388567859592
0.188068291046379
-0.227864685255607
-0.616542631562353
0.941040381816953
0.0741897840560927
-0.91827248670905
-0.357536071561502
-0.434009355031922
-0.553681648574777
-1.86573281838313
0.0497385191727271
-0.768214933061815
-1.00859661700184
-0.488318181987953
0.200304600757254
-1.41596116560182
-0.308381639704075
-0.322676642872557
-1.08483867087368
-1.54153920158486
-0.425244159095107
1.28272738925061
0.478677371738533
2.67131614189245
-1.15845771352028
-0.46358392631324
1.77427409482513
-0.25618369941094
0.640645028592604
-0.618814100019405
-0.733375132971033
0.535881442932316
-0.36775174298362
0.917628281609741
-1.47680984547337
-0.422479296016015
-0.574608428161995
-0.452104239846538
0.20232574359787
-0.674416079584411
-0.429550620714699
1.36818325624263
-0.693416592147578
-0.541729317325277
0.457503197048851
0.766951715069445
0.326597897333612
-0.184564645727533
0.698905386245571
1.62380440467173
0.151878369861951
-2.17981472802508
-1.68189096760244
0.164502327032686
1.75548882139966
-0.7742552186452
-0.507152884338179
0.567388084975376
0.790517131478715
-0.17778796562203
1.92001288169549
0.603062561738198
0.36036848718891
-0.295619770537346
-0.8784280946463
0.396515030286257
0.0033853997630392
-1.11393089457135
-0.950014199838224
0.81672621003861
-0.0534311457910188
1.2373311112837
-1.18869643361007
-0.0702962013239316
1.597852499339
1.18941306711113
1.97683486915953
2.55569428484736
-0.45508535765194
-1.07235099952844
1.52323930715017
0.326547698080333
0.841200215185441
-0.493459030459871
1.09778099854929
-1.38538033822312
0.281378128294178
-0.0491978882735949
-0.478060634026166
-0.74492096267605
0.498013601044767
-1.07377097796612
-1.03802107602025
-0.113405911077162
-0.406619391427775
0.230564902656237
0.65699581905739
-0.0879060855352855
-1.30677325634143
-0.605587061520388
-1.18370706098571
-0.216042757059995
0.714956682235134
0.889940615545011
-0.805352325889682
-0.716057341303727
0.822445039206758
-0.763259532243378
-0.706007981213694
-1.12562540622222
-0.404301483066784
0.492754885321117
0.327623121941465
-0.808694080345501
0.512645827955258
0.25222055382106
0.256979356150042
0.917922178452818
1.34018961984543
1.27203620981522
0.109140739951942
1.19681609650243
-0.492425855773495
0.579308104440454
0.319853871937084
-0.601890283215545
-0.858624712097168
0.00125108211686662
0.0614432875278345
-0.799289697943085
-0.475564363846524
-1.27810022455969
0.115191159103913
0.103319096372992
-0.512038658508741
0.632999645437867
0.355139012978504
0.260201143291101
-1.35948646006887
-0.334009338043861
-0.63184499850211
-0.940839781788187
0.279667456862546
0.696248030777328
-0.167633077372197
-1.60844451713588
0.458672076309621
0.784636541041279
-0.0927295797338601
-0.390604971119923
1.05989740716839
-0.0176233905215639
0.88527256342594
-0.672111889661605
0.481405813227909
0.0314501695901895
-0.552301573775412
0.0355671963804033
0.98936827981781
-0.533929579088217
-1.85996197579228
0.131028751552837
-0.668948821841389
0.126688572152451
-0.291064748458343
1.8120860154945
0.434923508458324
0.506856552237113
-1.06116427692288
-0.552116119979563
-0.495706386833233
-0.099004567664987
-2.23475132440367
-0.575836541581314
-0.408676687984663
-0.200267756173958
-0.797265043419575
2.38208826642569
-0.143430912443668
0.41717487541498
-0.717212195276609
0.104283104097851
-1.8553860680476
-0.198158904393599
0.806199651059402
0.91680446866743
2.18768366194918
0.403359794792299
0.472938068165927
0.908189409277651
-0.866961144253118
-0.631907310305855
-0.0870267593622828
1.42524129032345
1.3061271605559
-0.561729533419821
-0.0637439456796724
-0.392414120942949
-1.59280090108218
0.685366221467239
1.08157120267432
-2.22813081395776
-0.559410511055017
1.25890552695588
0.204337185988236
0.68123634563755
-1.11355414212069
0.766543044283173
0.634639534301859
-0.158877094223793
-1.78153706476576
-0.492486487464583
1.84278329263432
-0.0736057325132515
0.364626140904761
0.484367096639368
-0.641896717508649
0.707477156183387
0.123482708344812
-1.50774958566289
-0.0146488401477198
-0.935282999908183
0.947756639578899
-1.55128718375993
-0.68930986047242
-0.076991769466269
0.0939170167268748
0.237798260938397
0.00348621468047866
0.0417807267517276
-0.133342903781449
0.567723730576247
0.215323414638676
0.332828267777246
-0.366493002345443
0.166502122726211
0.162730533108366
0.651848378989213
-1.23903041298106
-0.858527699494984
-1.34764765488328
0.721824345960279
-2.09411212804053
-0.694580928808816
-1.20137847081458
-0.18948176066038
0.149991540607167
0.190247474884205
0.257087907585013
0.257215481153458
-0.550821606528141
-0.813953451148131
-0.00764511534898102
0.193556559436237
0.469463054240222
0.263107804600486
1.0375143312676
-0.238376528476734
0.1714843504654
0.78389594824311
2.07827333642979
0.340356040474784
1.61112870849308
0.10805856919016
1.66969559189054
-1.21908620328257
0.433433688054734
0.331005798406093
2.07359470327046
1.02029457306879
0.827376832912308
-1.1825042514839
-0.133986463699825
2.36114602549996
-1.35739198265001
-0.860290672110133
-1.4210358761891
0.88276650106294
-0.453185469708948
-1.86371766035251
1.01241907765585
1.16075651095378
0.590900927607439
-1.8380013078759
0.0399427530471984
-1.7169440380884
0.284975243212383
-0.161378871899391
1.07437513753536
-0.730570058031896
0.373007364087863
-1.07976634084464
0.0656693583313209
1.06999407996354
-0.868592662155017
-0.908802833576302
0.191472002819225
-0.614392750587855
0.441291058450391
-0.85610886867932
0.155088450915596
