3.79821952725544
-0.241305722974153
-3.9862870664054
0.239320028567367
6.17834035047725
-5.37614529555268
-2.54963622421255
-2.43381165265613
3.22603918689785
0.789622825250759
-2.36708100250448
-0.746877215053596
-5.48105848047086
-3.45430157503733
-0.348684349916369
-0.546938013169253
1.22496070047819
-2.71498658178535
-1.36708292286645
-1.15584125043564
5.0790996983073
-1.82017735684668
-1.43422666877367
-3.72450627731517
-6.12806844619472
0.180172201081059
0.588687453069327
2.03290987817171
-1.91963378678132
-0.204473433816637
-0.0250084920802997
0.272612319964335
0.378256500740083
-4.77644359695361
1.03745288844252
0.831690249440818
0.578102191459501
-2.04476413764287
6.3031971741336
-1.33311309815459
-1.92246437034431
-1.02020579355806
0.791065732254963
-6.28044618775842
3.09853721568525
-4.36138767560107
-1.56061973824181
0.620064232014922
1.73584746936585
2.11011461825307
2.83540136535547
2.13349008654775
0.887781685653171
3.74366739461103
-3.60111508176076
-1.83876881201448
0.507743268243501
4.71309438576452
0.289271480435645
4.70558912462744
3.83667152170966
3.80890262725743
6.18472038559781
0.146937521401028
-6.30710924309873
-3.89194793051424
-6.33730710949705
-5.10993477757088
1.53870111853864
-1.51069212936308
-2.1579493764162
0.660889653761519
-1.0420325337658
-0.352019696581009
-1.99189737536618
15.6346089273605
0.298048905500003
-6.00546667054347
1.023329063105
1.89455433849304
-0.836763929949384
-1.27922976697134
-3.41360023946273
1.26941418434206
0.308403568942145
4.77813992263764
-2.28817549308441
6.27414146546451
2.77311939397525
-7.01966711657498
0.802840950336896
-1.09397050754738
-2.22182374127262
0.93998561118507
1.21621644918233
9.57520337061828
-1.55662513141387
2.24394848673105
0.581796127763127
-7.9492129439004
-1.10967375332711
0.745576350876916
2.2238751153565
-0.288049882741716
0.0919163467261563
4.64182143931576
-6.14996845958807
-4.21295735862362
0.628952825977973
5.88281977070313
-3.33495722981335
-2.68103538200686
1.76280310072268
-0.333575353103551
-1.02078868169476
-2.98299055164095
-1.44934583770464
-2.69558331394566
-0.0654555095809856
-1.93630879917846
-2.7769693475393
0.444478474670264
-4.16789286253495
-4.19660534217873
2.07645351612949
3.10717510212705
1.11359373247766
0.15524026257687
4.16684327146456
-0.0100846782988284
-5.45235299436559
-2.72764169199581
0.904411074929184
-5.20020273711066
-1.58313801324212
4.90477545557724
-2.01753611748253
-5.08148233080497
5.53267804232585
-2.82282774805665
-3.88715450997532
-0.289365447281397
7.34485641235646
-2.16652530248378
7.63786919147588
2.64067130479662
2.52561312722669
-1.13408756530986
-6.26209190492547
0.240581238686197
6.8181677807017
-3.35386801264515
-1.74023758664183
0.271796381048024
-1.52607053314242
2.60821241220361
5.22393613188706
0.363116137055559
4.39072827562952
-3.0303778822483
-2.11358905509372
-0.868417726351103
-3.62230197127235
0.76952468837844
-1.09980093051941
3.35247397804776
-1.39521428871102
2.84890360612733
1.80029567569118
2.74855153578755
0.138030423032563
0.739604499852825
-1.75754992625325
-1.46135222513227
-2.18505613520081
-2.44378733184356
3.11301043001458
-2.50740238883161
1.1232265600505
8.97345180600237
-2.44153801001081
5.29489671655833
-0.469548258846851
-0.659347508786879
-2.60967169786282
-4.04974893035182
-2.41651592561959
6.10777590668664
-0.716100565149094
0.557125866548491
1.47883480202
5.97012013576089
-2.39857288737522
-2.56150568756294
-1.89921738425266
-2.38733729762156
-3.04881935331792
-1.21679332380041
-0.939867438024735
-0.329957857187533
2.26053989330769
-0.377869726812003
-1.65573401354375
1.56664570405941
-2.11743138075198
6.38812432561074
-1.98706287578444
-0.623952607689863
-0.273384784273194
-0.945481423761421
3.28621145923484
-4.24975462180389
1.02788381304731
5.42133677396793
0.347668895784385
0.587434172547617
2.59540435233975
-0.549538346303593
-3.7432449279165
-1.67120385655527
2.23678417125991
-1.22636887931194
-2.95083777236878
0.566911226686048
1.22110068070179
2.0007842156955
0.170764514252242
0.500765853908145
2.24667962186077
-0.388812742202418
-1.36305707778116
-3.13356575078875
7.11938652604373
-4.16666315609392
-1.38476571476856
0.94145612416593
-4.24977540663767
-4.16499600776713
-1.98715724011088
3.45770025423843
-1.56973092284314
2.44078415468215
0.284481639775249
0.987747169291768
4.17194792707157
0.290121125407394
0.643861618632381
-0.530384838741185
-1.61756335831933
5.69698097016299
-2.05506625641399
0.820601549450976
-6.89873544404096
1.96561187085991
-4.51298041451245
4.28196407043967
4.25220571279067
1.05085159842049
-5.24315368341814
-0.15557047881795
-2.16638303804006
1.26307581762342
-3.38560112471186
1.81270188611288
4.76078077073625
0.330990985325569
1.03905649377941
-0.679059168142123
0.334098651285738
4.04805328559705
4.65354604389294
-2.90208336599462
1.55154260191558
-1.90570764348514
0.517989688884553
-0.212571401553124
-5.26177296000571
0.127391744084503
1.34599971750609
-1.95056122988947
2.61666455753767
0.465915783632524
-1.13465146995229
-1.98275197493867
-1.17114525886891
-2.46839778158291
-0.131534510669378
1.07227676448188
0.0175171974416407
-3.23521981804602
-0.511843882431626
-3.61687417069943
-3.57571047264344
-2.52392119076429
2.21233164825537
2.10949889870389
-2.55607482134128
-1.62973088237599
-4.75200499778851
0.505079133537294
-3.02529219946516
2.65119622936767
0.156622394238377
-6.34074621851804
-4.41526522561116
1.98673391121705
-4.69246765854492
0.64016016118125
28.7652445463844
4.65034865810377
-8.17458329631702
-1.03008847632277
4.66356276418406
13.5705657673425
-4.87171613487941
-1.01102558810365
5.20637224064726
-1.09886311428966
0.530288553442702
2.63533792944368
3.32258226676226
-0.121261842567689
-0.901951741635491
2.86400243457648
-0.848983997384454
1.66817690254295
0.338997917271806
-2.36010098118459
-4.6137645142567
6.90816763574131
-0.147132266020458
-2.69753725896397
14.3181666968016
-2.99861364657705
-0.859917494584155
-4.35625740334445
0.132798261029001
-0.138591714475479
-0.264120984471444
2.37707894615573
-2.75950502538725
0.0583380416520347
2.49244495166662
-1.90128427652736
-1.39398121535247
0.0996156110866948
2.78942971058089
0.925028535254427
0.700555682837442
1.66058197998499
4.18112872100559
-1.0249189199823
-6.0705142585764
-1.62428729163422
0.427867007729959
-0.261267504927765
-4.57962496623415
0.0911422131392736
9.61559741835763
-0.808859158728462
0.900078590687203
-0.163990283155602
-2.29166217207821
-0.445967811442477
-0.66738451676222
-4.52727393667587
-1.56098448637442
2.01519197903162
0.73180601386261
0.0251233596845937
2.67964934376056
-4.4294330371124
-3.09847428203077
-6.61907341552589
-0.854103177860099
-1.76087844247198
1.39332733553459
4.65815990569915
-4.72937934662489
-1.69797456631435
-1.15114260377478
-2.18687320327914
-1.44201150232413
5.12300375619999
-2.79783355264983
0.0995944825602732
0.849829580375662
0.480841880290084
0.31068619614927
0.0219973093249909
1.77453348974211
0.948067713440603
-1.22649444128918
0.828699365992229
-0.0101785490421811
0.250045883908288
-2.6424377183007
4.09449731067193
0.10568377640247
-1.54295072433713
-0.965692672714112
-2.58783740042861
2.89349484422398
-2.94921563542986
-2.12025884179282
-2.1447910699822
-1.83962882587542
-3.47921074436853
5.20699675556226
-1.02701333817636
0.455165114011323
-0.19448111894364
-0.0742115506807868
1.69326058182714
-0.272245091438789
0.62830853384366
-0.564099117809356
2.65356974710285
-2.30784261138527
-3.23027684213456
2.8392212599487
-1.4183947084185
-2.7558139437517
-3.31665100890261
-0.825709275700173
9.87427915910219
-1.72288036313626
-1.1567072040654
-3.36422416613561
-0.662411797731247
-2.38445543177788
0.817912693769143
-1.54490517737445
0.673351175543252
-1.71292103429358
-5.19535503862605
-0.709409887369781
33.2314385074392
-0.145576606774242
-3.27286545009786
0.963717034174386
-2.84653713989347
-3.69873521922592
4.77876896527967
0.877913460412065
-0.194892998679622
2.69693516842212
-3.8428301818244
-1.9996762744957
0.530735061073888
1.33441685188492
-2.14713595919944
-0.841880969728492
3.02819429525361
14.8420414162101
0.254699540341713
-1.25250603268687
-2.02626596530593
-3.26322696999502
0.862777175834657
-3.79175892471311
4.19584165836446
-2.02396464065019
-3.01163961819025
2.99233225114524
-1.23258875550117
-1.70617768915373
1.51551276644217
-0.109634818432283
2.85582144783493
-2.71606735819131
-0.286405176148114
-1.39716704088076
-1.6801101718722
2.67495448294265
0.940667796635958
1.57178811416827
-0.0212118844450288
-7.72539065201127
1.36240236089368
7.1325914810584
-1.2372131785076
7.58891570463711
-0.391141169757562
-2.75765826808039
2.33834379463408
7.07762651845858
-2.3732809845141
0.393758135078785
-1.96783587809156
-3.11051998469403
1.09063748777947
5.8899699446649
0.584412244309136
-2.13647843733128
-3.17061474388312
2.33914489330605
-0.573754965561184
0.188279534741029
-1.41878327977528
-5.06625466872359
-1.93551714442031
-1.24158352725123
-1.3479135582683
-0.854870380394311
2.86882157349598
1.2282094885474
2.74367106513442
0.0623472108409509
-3.94965395224107
1.33593697426226
-2.1288549445685
1.85848113865247
0.676925780801996
1.93863830166763
0.469176336555761
10.5697222940918
-1.37041084821972
-1.09802347907085
1.78551557371138
0.0396050572526823
-1.3987039195418
1.11272309882575
-1.47403951789636
1.25115882668181
-4.53626038368967
-0.706796713079791
2.18215382325407
0.434618417015405
2.47718583509043
-6.43031207240341
-1.52879791257834
0.927111305610837
-2.09402150627653
11.7127865151702
2.16828283501317
4.02933079581802
0.479068894090396
3.64390137088504
-1.4059792891005
-1.8701007529267
-0.0781552184675064
0.632620486375659
5.50700565261361
-0.524759281405353
-0.68036708814012
2.659617476068
-2.4245060209095
-2.68265569523828
-0.0125341231972222
2.96869079166751
-0.102911289351719
0.712819269258603
-2.5815250289301
-0.660141507602356
-3.34855459223072
0.0804865052021033
-1.44234012791213
-0.983509271846926
-1.16799528187185
-2.04533166622003
-0.521905088274994
1.98875511403245
-4.84233662053406
-2.1152985876801
2.53732249086522
0.282914345271776
4.34838883930748
0.12970435354124
0.0697601259270861
-0.285381296102779
-6.25161625018663
0.966408721085467
4.61123830190059
-1.23547667120205
4.31172567169944
-1.3775820592893
4.40792894309798
-2.75546456653562
4.21543662044838
0.363259755944055
-1.73133488030064
8.34639252368283
4.97650967355587
8.25336848877341
-1.81742659085422
0.812662583467736
2.44796181629418
0.30063939913172
-3.38174047159505
0.716488626607028
-2.80747343771544
-7.73829707339454
1.06838219801172
-0.75386769760588
2.52359363434484
-1.57487052796789
-0.436606560909364
-0.525544573444352
-2.03885909298546
-0.948601953219233
-0.636032724271889
-2.34098946349433
-2.36570101812253
-2.38753554623508
-2.339545803247
-2.14646295879762
0.458018233463148
1.62989158803513
7.94574620545724
-3.60810981300007
0.222501288055093
0.545397058107275
-1.56579162115955
-1.76231506137667
4.62627723630577
1.40362178035125
3.13776504366302
-0.928717199745427
1.61616207735483
-0.91623238342165
-8.07695638450396
-0.190083948885796
0.523636498376364
0.0289980841422032
-2.16705462067953
-0.606323922479432
-1.21107695319688
1.63696751395808
1.22600084709559
1.55611163236581
6.44972754049364
7.47622852565559
-0.267419853026894
-2.91634451608765
-1.26754226484731
-2.46866234915918
0.413886492901248
-3.90031574046697
-1.96058129106459
-3.12979150781116
4.44732367850432
2.05955234281758
-1.17971011645191
-3.64678177844949
-1.30050720587311
-1.30542846148657
1.8209725381632
-0.486543573372719
-0.24272664688662
0.710526417331963
-2.46202336042001
0.440962661619664
-3.4696943569942
2.60277014910577
-2.90880710779677
3.62504933447192
1.8121618737984
-0.530289289078366
0.551542202351354
3.05518553236683
-2.97136202597347
1.01112782351099
-3.35730184955184
-2.96174301408055
-2.26867295798605
1.44448246991031
-2.70939001681304
-2.08559402740398
-5.62773188351323
4.35390241313822
-1.46036741016558
2.42280818703857
8.2052023552766
0.885143397260508
1.78364806690301
1.67471917463203
0.524864816103962
6.45508996841823
1.03985634823788
0.618320538990774
3.03910771415492
1.368202219214
2.00625240200217
8.3586764704345
1.81048466424198
-0.186540364456636
-0.284131261980408
-0.396186808081167
0.502466801293387
-0.331611067154361
-4.46164517110626
-5.44766845485329
-2.77396165111038
-0.450226834151953
-3.04326299669944
2.89793100816633
1.52619566320924
-1.89005965600999
0.00904371799626338
-1.53879807118043
-5.98063508894459
-1.32879314240531
-2.04633412236004
-1.14461566384608
1.32184273788809
-0.401213361674291
-1.77979861611473
-0.916769337816409
3.8444387590012
-2.61108308647237
2.21196326833827
-2.75243683116012
4.32634369260249
0.570672282686319
3.86547220321633
1.79606597200026
4.37051722533324
-4.66270602888563
-0.226970411239106
1.94187118231574
5.83016924282826
0.654129263969587
-1.47040744730755
-5.22165357560012
0.06946493703509
-0.875804408203075
0.569017861672959
-1.71159377441695
-0.894266699345402
3.72815615396924
1.14731698022648
2.37961060665639
0.519139555820186
-0.339073187544401
1.7951481429795
-1.70825312357508
0.336185125235653
-6.3014038028591
-2.57340812070511
-5.14495515451059
0.35018168868324
-4.82073118640672
-3.00268767886474
0.858109616863807
-0.90723034675915
-3.30685426045874
1.75776119257931
-3.965484386375
4.62463632385327
-0.947109863421057
-2.34805359855874
-2.63160579650995
4.00152052913922
2.64927680165255
-2.69931543888731
2.5041404275423
-1.66586097272969
0.0857135393829523
7.66874960168565
-0.615837200191202
-0.400761671582689
-2.47100110424586
0.773657765881554
0.389820483448347
-0.27087732223837
-1.81472602549916
-3.52875669280241
-3.69924235852726
3.15552753232656
6.23940352767493
-0.108965168940829
-0.589072351400318
0.639253685523602
-4.18376961919023
2.73199052666921
3.37981784118563
0.506439762766886
-0.401098935980718
-2.19162001723553
0.491697002799743
-0.883176160177734
1.47790753407375
-4.39624873258135
1.96330011287269
-2.01426911267897
-0.662940982690566
-3.20377274547027
7.99406306504737
-0.595607944403127
-2.36827242379621
7.07407445980053
1.95945049435152
1.91818519304802
0.311524246514652
12.1602902350167
1.32764374793899
-4.66534578037851
1.61543559186446
-2.34094767741039
-2.36943036497904
-3.57574793559305
-1.66463282370643
2.61266972904343
0.206996400377623
-5.43422837097941
-3.9086596193509
5.08043680522911
3.96082412129882
4.26157299582209
0.0699658285301097
3.18664785728354
-2.83172336924531
4.52755990210451
-3.76351394108446
-1.76829569259502
-1.99034077751194
-2.04998376880396
1.44085589400275
1.71101645252192
-1.69275225791482
0.667472242849365
-2.60916353612337
-3.83344910342973
8.50611126329382
-3.48940089978588
2.05375013127626
-2.20041429020218
1.11704567825649
-5.20823417904133
2.35823937145742
-1.03074800780334
1.50608089858219
7.27530480357277
-0.256175883598929
0.706942400790312
-0.276357766516345
4.79840892696239
-5.92106789367132
6.04134559559431
-1.23952847116212
-1.65384109308389
-0.175978054642225
-3.44269473001549
-3.45840896093311
0.768485624464693
-0.419793401890701
0.784654354966146
-1.01091029381245
-2.56089710534421
-0.324490964053008
-0.548751697803628
-0.61861157771541
7.17013034394901
-1.49740794042906
4.80271083090681
-4.90616930350794
0.710176534732585
2.25207760730844
4.44572565614549
1.68835279281912
-8.82534778825049
-5.28232719918352
-0.721623017826794
1.91311450138022
5.62271890649433
2.70198975830264
-1.67485059561799
-0.235775929093687
1.04485129996766
2.46479547466281
5.3524789315503
-3.44025689007118
5.14919041656065
-1.46313156672445
1.59122961470775
3.06628335605951
-1.1707385584285
-1.78256752673537
-4.14733434288092
0.363549288492331
-1.16937002937549
2.46309735174453
-2.76999178606961
-0.992057627508338
1.66559443632123
-0.376258411740675
-1.51540508897993
1.37516517050879
-3.70298659693734
-1.58991230035422
1.86874302434695
-2.74586912699377
16.0127344986113
-1.19867982855642
-2.37163950199021
-2.18468961198833
0.167586425376484
0.820805005510845
-0.399832864136212
1.48645789292002
-0.19124965036481
-6.13191122488645
-1.39997807382337
-0.356118258199602
-4.60743289906807
-3.09931585507282
4.02202902710343
-2.84008600383844
-0.533337968649848
3.51937306577318
7.92897868805476
-2.67228845216697
-1.93482005953096
-2.47747103171442
1.43691523052985
1.57212556257366
-0.474336434370567
-0.475671602759755
-0.200628050082479
-1.7044743006271
5.08375391059041
0.416236674306262
-1.23253147456975
-1.5226277309246
0.187165564225942
2.1073349418997
-3.08183881123002
-3.02788179763224
-4.98293574088249
-0.946860062021762
1.27241833266127
4.03257599724093
0.93347680351111
-7.19777438695408
-2.33254029608562
0.210028366127344
1.01267274574059
2.2993860814411
-1.8065926428975
4.39954505837894
-1.88983915871801
0.492540639643093
-1.20451471033343
-2.89046241320524
3.36839902032506
0.0187027697285503
0.702162487771237
2.42247001871641
2.71979736879011
0.138128535347038
12.5388028326101
0.963575749627683
-2.41777891636477
-2.55491714977999
2.71196496621424
-3.54507894696714
-0.186809652813874
-1.91509905965147
-0.478519864656532
0.931926459699558
-0.276310407584578
-4.45306002375959
-0.791193206949523
-0.190498713613037
0.576113124636146
8.74737583036873
-2.96429478899903
1.58695063301745
3.38067624642061
-2.47168140541738
2.31739466436311
6.83079519635188
0.631061706736614
-5.91054349454238
-4.15769643714348
0.875547131829918
1.76096413611238
2.46428330442188
6.65899912915034
-2.65053806341386
-2.02894418163678
1.36823985879291
1.89206269407441
15.7517120558515
-2.35664841768672
-4.41405320968601
-7.22027689912675
0.354878169651118
-3.16877085559527
0.226648288078631
-1.88178834219521
-0.42633034068634
-3.75416340965234
-3.01831745118127
1.016391273104
0.764069509673212
0.826780767161987
-4.03831609412297
-1.96636747442313
0.0118829339107534
-0.233095924381928
-0.830826217230728
-2.43523886561406
-2.56581441811639
-0.179423607388837
1.30271337558121
0.283966687610649
-3.02884825281592
-1.29978795419133
4.6703421655644
-3.15108618650397
2.42523757757057
4.93203601730567
2.00648757635385
2.35713909813415
0.509968732259237
-1.65290263376233
1.58369703240474
3.10994669815489
-6.59890117811985
3.0373511100518
-2.31520477374685
2.78238731207304
-2.53730523366402
0.477900643546998
1.28841013761971
-2.56745920556126
-2.06207504938435
0.9219316590242
-2.02726400861333
2.88063727678771
-1.04024784991847
-1.17898025003583
0.627462342658493
-2.81539947942042
2.57619228793458
-0.362393143355792
3.60700572230742
-0.177628414300228
-0.666378950925123
0.517990993594361
1.51471617084622
2.73284259636328
-0.125210636095494
1.1411485481472
0.547510193303524
-0.868999722907348
2.7740178617885
2.07349703937234
0.692982804316763
-0.142505235056165
4.63046812103419
0.724903102540097
-1.74070801767469
-2.60173097349172
-1.26903499883084
-2.45212502047278
-1.64505013680142
1.51074791413399
0.694190607801808
-0.345301924151281
0.241109020505652
0.156257045266106
-2.07900946781553
2.38596247782449
-1.88334289538068
-5.3124837533002
-5.22474254087017
4.93487296796452
-2.0450735404525
-1.47443033771331
5.75203177834029
3.95237280428873
-4.79670419676992
0.41791081489989
-2.27969790935019
-1.12469365244028
3.52340049577373
-3.98367693472015
0.197045930774861
1.27756082512702
-3.48366105757419
9.03212548729805
0.173383886156515
-4.99324065306844
-2.87820765777418
0.579318837068448
1.22441546164641
-1.48652902787255
6.73129749729145
-7.99068961982528
-4.72262971472544
1.17936058409109
-1.05015710929127
-0.369260743416561
-2.06714713805165
-6.98171434685214
-2.62377016363695
-0.160150456509953
1.54950173672346
0.240115484526778
0.96691105528064
0.415140529485054
1.36049520529991
1.79814289164747
1.53626159729992
-1.28330088875633
1.97695297920905
-2.09653717770185
4.41927947780372
1.12757193594707
-0.163820196008363
3.07818709656603
1.48810121545897
6.12264269108244
4.20165407624388
5.11322182241117
-0.408383877067126
-0.500990235262705
-1.3278393052505
2.99097130019478
2.37785381274221
-1.4644149708001
3.80850220591321
-2.21259842273593
-0.273885713459535
-1.55123452104664
-0.529810035004644
-2.72859892276844
12.0626545299314
5.5798974820864
-1.78684030717491
-2.36848396157521
-5.32421425501736
5.09005772838462
-4.44752646505364
-2.79893449382877
-2.7893328403905
-1.08883172421007
-1.97007337927346
-4.12473656538412
2.519582350045
0.480125731930457
-2.74908067478967
5.65289083056992
1.13059207151983
1.76097770501517
-0.493343153349524
0.371520499306696
0.15955524750654
-2.97017758156589
1.19837538014593
0.216338663568626
-2.0108618171557
-3.50759539741313
1.24218896560688
-6.32223884858521
0.342211394606409
9.6267679529406
0.103385609798764
-0.559357985442273
5.37899398915092
0.636786381650988
1.50307001648015
-0.353329264052632
-10.2031111952604
6.86586241085399
-1.93826604451137
0.233449103712394
-3.78650654134973
3.24705884954721
-0.245177482819902
1.93110032840183
0.316620341648022
0.869056747149832
1.23131788411441
-0.867645327509945
1.67314780901128
0.104090443092297
-5.46698889397717
-1.27368474161407
-3.56668219824903
-1.51158539370621
2.4543089796504
0.681821474135436
0.767439909316656
0.824908804054779
-4.73631530463168
-4.07109486023707
-1.32722712503199
0.196760408728636
0.448979156343438
-5.5278484636096
6.48101668023333
-1.02802775907959
3.26825067828365
4.67011835863618
-4.18217901788141
0.1563099598423
7.51499351711191
-0.974122694940266
1.69006507236903
4.8822216807413
3.9691182389421
0.70592926861786
-0.578066919578761
0.966194878656548
-0.513285417563915
-3.53056258922299
-0.399669066370017
-0.335541169430483
2.30774006154552
-3.19104717793866
-6.6061250166693
4.13539198815098
-0.286757080806292
3.00909463652774
6.21766697465307
1.34077096422151
-1.66712541036254
0.0879414173737981
0.814980867543013
7.53599923274387
2.09587446749448
-0.627461732303697
1.51653167216395
-2.76814997832794
-0.40193983874042
-4.00046784972966
-10.8492213462891
2.1502014001833
-2.65036686913443
-3.11905601550783
3.52040107319175
-0.824178998161137
-1.95728716414616
-1.2505929429594
1.24004936573914
-2.1680032308752
-1.23424659692444
1.82839659553939
6.16741251595697
0.461028171790025
0.622234439377326
-1.95921315552595
-3.85762898861636
-1.75565986941008
-9.87634606824371
1.55351041268997
0.957311890696776
-3.22836790031737
-1.7080716425231
3.10816343386519
-1.68872902790973
3.18801971132972
-3.07769575048922
-2.04633607029109
-1.32710247007785
-0.119247472910577
1.00717160453157
-6.27610053244015
0.272861659529083
-2.80575442291594
1.64585986197173
-1.24966820838799
0.818698121048383
3.04545922189131
-0.642242464813933
4.00740919235747
0.0672054821748619
1.88688578781483
0.579325689052186
1.98999771865813
3.83823683878997
-2.6316765562133
0.292838994292972
-2.76579941995731
-0.971774532415473
0.377027345654528
-0.0694419392318268
-1.58384166725889
-3.55466123964283
-7.12419708273732
-0.00809404036057408
-3.54019025334675
11.3374456313823
0.746572146820502
-2.0154237783327
-0.76455820656702
2.08889866396401
1.21419491667276
0.641714229133378
2.71817289389883
-1.61498374346252
-2.96200787080668
-1.28820347356959
3.4896599409226
-1.78846857953899
-0.912590910060406
-2.76063531572752
-3.40642380777092
-4.79174221156192
0.552106914792163
0.55467701084178
0.059354579448104
2.30784681591683
-2.17062940317962
-0.609983856046344
1.55619654418782
2.59975403351782
0.317471910441524
1.49467650996128
2.15457408431251
-4.23660584193649
-0.50782651943079
0.0553725125968516
-3.36200977899602
2.64534353507364
1.79775413395944
-2.18033542238081
1.17056241606452
-3.06098624508848
-0.923739632548782
-0.661569394935288
1.78915168273256
0.0724201586169579
-3.1784557117074
-0.825923000228173
14.7753120895212
2.73515538957924
-0.257481246177922
3.25314877558855
0.00311843566679073
3.36919175955065
3.18757629348574
-0.514909781245494
0.321252385878927
-1.73852472302802
15.278827227861
1.87169406974539
-1.53072548313821
-0.626233837863072
1.0366788753934
-3.07898494257521
-1.55700009463226
14.7366161028095
-3.61809214420528
-6.0352746047576
1.28789006139969
-2.72299754248232
-0.4063419678964
-1.14151483959438
-4.78179259845036
-0.572786401051176
4.34392422470785
0.272061268969296
0.970517708718675
1.33736929249511
-1.40046294210648
0.527474420779077
-2.92670902582467
-0.878415546710148
-2.87397324227039
-2.90512037549578
7.38068205181177
-4.71499739859309
-2.79778866692255
1.03573033920439
4.16084603945487
0.412396551724549
2.25394501063889
-1.14616465292071
0.896365966096024
0.183717089953718
0.107404438642819
0.332709004946878
0.452853999454005
-0.691663703485694
1.47441981532904
0.911287640943925
2.42559337103695
-2.44660443297152
2.01058197570961
1.06289918663809
8.96365820415774
-6.0357887733947
0.897635693120261
-2.32048624729811
-1.41358405269804
1.04050335705646
6.77802608534398
0.880028567122916
1.26873532651235
-0.507712044722865
-5.82119841258603
0.254819788983066
5.95372085049866
2.22227686232286
0.126501730986398
-4.45426449297756
1.79102710304377
-1.44028268904799
6.96774591766104
3.50346444474502
-0.997953997127238
-1.14107176162246
5.00369576372893
-4.09986738050097
2.05951639572021
1.37259432450689
-0.630282530674663
-1.53409359666966
-3.97841468359697
-1.54694758182166
3.81394516261261
4.01826426771199
0.944455332085035
0.37127137934858
-0.0804272900118478
1.70077281195698
3.90496399637494
1.68261827498885
-1.50587742112898
1.59268891425894
-1.32871953288725
-0.833428828125499
4.26455072081446
-3.27853906211907
1.90227589528044
0.629368220893524
-1.57077217063619
1.10359743950364
-3.77550706290986
2.3676289980534
4.66062231452058
-1.14540686648775
2.73081991848237
1.21757391179566
-3.65924626096715
0.82074489141216
-0.120583930728187
-0.130131469609394
-2.3683107638792
0.795308500675501
-2.13521414908865
-2.11938662971768
-3.20308277805585
0.845153424947437
-2.33100247655936
3.50165031522518
7.24995294122954
3.14850206381071
0.450100189073452
0.433422478853872
1.18035989930225
-0.67078396679577
3.89896251934763
0.0506778210786284
-1.46700344722018
2.13863011672391
-1.98442060357036
-0.433708342592871
3.13103113645046
-2.01075182759078
0.0585195610467608
14.7501017638994
-2.54936202024227
0.600939066306542
0.977388167214137
-2.99732751572974
-1.46388855260021
0.671544633626225
-2.62682444255334
-0.411944899414331
-2.40247452282409
2.93194280363458
-2.01270942327992
-4.45670170909001
4.17722158514948
-4.88567423001842
-5.07467125534536
-2.84212711659075
0.496011803642015
7.42628797615253
-4.8606421341429
-0.857368085985732
-1.69135318503136
-1.90196643913727
0.715815247425143
1.21332324266188
-4.5784480665339
7.27990400501457
-4.4850138759043
-4.10395962506921
-1.2624077420373
2.76416997858692
-0.399839710699695
2.89213860749452
-3.85504365700587
1.70440957836037
2.67041079599881
-0.507140652816252
0.105565205125212
1.06213377405092
-0.873513784322726
-2.66454887697437
-3.84027340567943
4.60011536731926
1.83842625643493
-1.1467066838651
-1.35267453606244
-0.543888726052286
-3.7481026857468
-1.74425094680937
3.25614027477428
2.80181115090498
-4.68636950050462
1.43265085529726
0.959453750469787
-1.06032542248609
-3.81818934155566
0.330069163630867
0.98230696952627
-1.50944549968566
-2.7666110728168
1.52052150532537
0.612799243373669
2.24539567479793
6.66170120431791
7.1868256124045
2.06164803572587
-3.37161197815199
-2.24368525878507
0.752501791216973
-1.78768021315707
5.84896009560742
0.424746794643516
3.13248175110142
2.89473649002029
-1.09871033493124
0.0674069648133023
-0.395948976286022
-6.83524238061802
-4.43277892698211
0.261143992129476
-2.06547344822458
-0.110688714912482
2.35710318420362
-2.35130658309952
1.6164794207537
-2.1760789683238
0.10601868887164
1.57549705959781
1.89901549367539
0.319346125981588
-5.67464323934794
1.90898190343162
0.652059693447879
0.897951627852157
-0.418126000428094
-3.18187292987911
-4.01206241319625
-5.69997387439073
-1.00803942847731
6.19280867858811
-4.22268435195131
-0.719549882313187
2.80547389443867
-1.96823425619835
1.43062116412991
-0.646485847538701
-1.79934551591366
2.37180811316406
0.962373124905437
7.49444257551863
-0.56172178981303
1.37661861298129
2.99196892932289
-1.97477644297218
14.8212232321279
3.27793999654541
-1.13892758164643
-2.09377626643714
2.75215906530272
0.935739701439094
-2.30758303603114
-1.98100978278027
-0.748122699081609
2.12538653510504
0.856032161990337
-0.329608698268325
2.37831988294518
2.19738331047229
2.43030853806693
-1.73627020633652
0.722726230704785
1.3765260523913
-1.15298200557657
5.75604295198094
-7.15915372535223
-4.51550804282352
2.4532274149323
-5.39782893629011
4.90022480326645
-3.66938873366353
6.08999552814634
3.49848362186115
-4.98526594553333
-3.9655355986867
-2.33011073813458
-1.93101201406291
-3.85164050646325
-2.50767742388645
1.29142218326745
-2.7724548601797
-0.301884992496073
2.15597788379137
0.429889271885789
1.92874140063175
1.68262947116569
-2.99146406421391
6.30412520317308
-3.9385890688985
1.93593472783597
0.474442289871856
-2.08041379704049
-0.930129223834438
-0.666146954744138
-5.36954763826125
-1.31534338541152
-1.11897089055031
-1.53405994755324
-2.52880355209635
-2.92348151817962
4.57127689176684
9.07764143860125
3.88108407848604
-0.694192656782829
-3.81685192095255
-1.5178153567176
-0.846953661956541
2.72789548662568
-2.36962516876616
-2.73488880511848
-4.22234041801607
7.29728647435412
1.47965209037655
-1.16822287792844
0.259462070280974
-0.0116521779201195
-1.49955405701888
1.53502475649382
-2.91560186085419
3.27970878361234
-1.25966040780786
-0.719886037121519
2.32624056063161
-0.680943551968783
-2.07675564797292
4.24662030322013
0.925656262713875
-1.39790681811058
-3.8335484479337
0.736156322047728
4.54789504567212
2.45592456593475
1.38046526224157
-6.79323722606957
-0.499660947329663
0.595952547378681
-5.15139023408294
1.55439735807939
-2.36991553626603
-3.56082413149728
1.03163802607074
-2.30890498260899
-2.14103457727219
1.92226404163234
1.43122203107341
0.911634997376167
-6.43129978475943
-2.23782100942196
1.62306071493112
-1.79589986057206
3.94698195554564
-6.34685706010476
-0.498599549626731
1.08005091459497
-2.03042680980769
4.48823205087216
-0.115892251319077
-1.25057798094458
1.50586848512814
5.05500102453331
2.6885334446087
6.74430652988845
1.76966168183688
-5.31332284167227
2.18406930191757
0.904501939703248
-2.7031121407223
0.447887035888357
0.386662397455874
-5.55270463391175
1.27108147529219
3.57254636006269
-1.2683265520974
-0.59608363890836
2.4683372223466
-1.67594344255034
-1.80650964902638
4.75971935495551
1.65276284879398
-0.0973555415826792
-5.55485674048672
1.48750601052022
6.50907438284697
-0.795116024183876
-0.403632376388231
-0.633221087019875
-3.53907623324444
5.71909222518232
0.754290805880903
1.75883386129755
0.0779870031964774
-0.400204523220152
1.90619565070202
-1.98965055123015
-4.1111636865421
5.80693948574416
-3.27053332953614
5.17284010706053
-1.08893847750472
-3.77080664362609
-6.07239579402616
0.225582509924166
2.74708283959005
-1.84188638712453
1.08698155898948
1.74364809712815
-2.78264994956025
-3.60968544854062
-1.35860419228072
3.18145262924533
3.30068858240152
-3.67451798750348
-2.02812659884673
0.243993769034986
-2.08734658243458
-1.82537179115982
0.677027037073749
-1.7675287149212
-2.52018711082409
-3.15306660924391
3.92869796025508
6.20259688084162
3.12051693988202
0.0788479800635166
1.83993104304748
-2.36150014474635
1.52516450758564
-0.968358582120547
-5.49918154433554
0.918658346548297
0.111309997268486
-5.2179233668031
-8.42411034457343
2.69977721637589
1.79578636509783
-0.151686067593099
-1.29685416732127
-0.678305808875466
1.45553962488017
-2.70680751851094
-0.178058110395811
2.92440613116498
-3.1915888207916
9.81268838024347
12.9872310234914
0.113403938476521
-0.2015544936699
-0.249481009079577
1.46484254017083
-0.402470502877676
1.08205823242237
-0.0676401707779867
-5.71010786245805
-2.5568164631622
-5.99037087591326
0.903310151744036
-0.102117635484215
0.659351826396612
-2.79529367501089
-0.30397233040406
-2.12341209624496
-1.05683415657299
1.49931779699538
5.88484834699857
-0.813095241648832
-0.0303286419185335
-2.49064081839235
1.47212014867118
-2.9661789424841
0.569261343423751
0.798844995592222
-4.58079402961574
2.49326136517826
-4.40247964160408
-3.43241655925752
-0.378532944062209
2.26213977114926
-0.531118271879394
-0.360692584905669
0.885628313815947
-0.161800265861953
-0.91099983706126
5.26878621623028
-0.830361980867336
2.43187228322059
-0.903665690358001
-3.36428147812286
-0.146615761738664
3.75917746276225
-0.0968209860949631
-1.13704675352424
0.115693348774448
5.77688448256619
1.51910030047193
21.0450384677736
-2.5769204593092
1.02693539101812
0.290489512617259
-1.07936477298672
0.499462052947012
-0.946499118388953
-0.559567121915027
-6.22089823818366
-1.40166803075131
-1.12575676094271
-1.94801206710594
9.29964982534521
1.81655164978159
1.58260665374746
-2.20295876312882
-0.503121225420935
1.1500142668675
-1.98760855537227
-1.70357877122465
-3.93588126237237
2.92619009404089
-1.97696392234492
-0.461341885220392
0.192127953107107
0.520033519412719
-2.33408343950193
-0.203680915774509
2.45235292995494
0.838772522200546
2.41401318939429
-1.67111839030665
-1.41532987237554
0.877940180797161
4.2055870472958
-1.90857258063925
1.09754034616217
0.00299418908650729
1.23265568858367
-1.36380122507508
0.523096891791792
2.42491991589162
-2.92430218414795
-1.99977159718303
0.439943478360581
3.45705537051908
-0.21352873811492
2.49469483542466
-0.467258625190679
0.486532729398611
-3.95170044994486
-3.24804472857845
-5.52507565132542
-3.80769732711591
0.0913394757374708
-0.693313822100398
-5.25249463889886
2.47345287556767
-1.41439818891339
1.25387238983489
3.04017719115441
-5.88569285216307
-2.35750059280354
4.98794734198397
13.1685571313842
-4.14907702184994
4.65780089658038
-1.95185254744878
7.55040113715485
10.7267727015344
7.40262070409362
-0.0281269869001875
-4.52600776307549
0.848856705157125
-0.769638546407914
-1.75728254230547
-0.513287553137084
2.34385122351339
1.36284827579863
-1.67340086920034
-2.76287128545303
-0.940712603692411
2.08017568461118
0.154791801696413
-5.01720099845002
-2.55946071790233
-1.43071844818021
-0.700996907693761
-5.99445860081791
-2.91649316443979
-2.36066320834182
-4.01788447876078
4.51616990296269
4.67497145315217
-4.16865079230625
-3.18107696412215
-0.264056854634118
1.4538435237802
-2.47967986104538
-2.9424501785504
-3.01684667275807
5.1237558510717
-0.946285829610573
-1.4145202741412
0.872245895143262
1.44034512867662
-8.25269963126428
2.11413023399314
-0.401418823994518
-0.972576155750997
-2.19344834300676
11.2201178299599
5.28730272483783
-1.99867976404116
-2.9035433017885
0.536489873092329
-0.28137598249568
-0.367168514331169
0.0607919539560832
16.5348786475471
-2.11262253654598
-1.9602902804244
-0.102245064961089
-0.98357231946031
5.92400741132798
-0.644638918077971
0.535168899051273
2.28275524716672
-1.89451733584618
1.29527827488565
2.5603480863363
-2.30667557168172
0.218467796394322
-1.53816643929836
1.71859622203691
1.34063268976012
-2.21500269225588
1.45225281207
-0.058104513105063
2.52407274736578
3.0737024314082
-4.46396771816331
0.992066212234616
4.23321833193588
-3.19082408505962
-0.924152070170651
2.28746457523411
-7.11114481672119
-3.64408294368402
1.42256932702305
-3.88417190736901
18.8851972281221
3.28300172286604
-3.6018305831258
3.92466265802474
-4.42599722882361
-2.19664708681848
-4.50594253731624
5.10130148106264
-1.69836086989429
1.27350548920517
-0.381909704207461
10.707616228415
0.125898966160381
-6.51068013161231
-0.825443181848931
-1.2454982324883
-1.77950890164523
0.209102400289615
7.15647614429235
-1.28669374305391
