2787 8853 8184 5009 529 7888 4872 920 929 8778 65 291 3943 8423 775 1041 7562 2526 9146 4168 8514 4898 2264 4816 9977 3523 3036 3704 5674 1251 9585 7781 2812 3010 4102 2062 279 4235 746 5203 3072 94 1315 5204 7257 2503 7238 2015 1706 362
362 3533 8186 4135 8962 8108 316 9597 1127 8368 7176 1091 8143 1080 9622 6008 923 2795 904 3352 2342 2610 5419 9046 641 8906 861 4645 6571 8419 8594 7423 6907 11 7187 3286 2399 6619 62 3630 5706 2444 785 3066 1817 4755 4948 8652 325 2199
2199 70 7141 8757 8502 8491 5055 8617 8220 8076 6299 5653 5414 3999 514 5186 9250 166 6436 5 3637 9216 4559 2949 9324 2312 198 8876 1923 5457 1921 9929 9432 7852 6410 7209 2180 8774 5131 2089 8105 4268 4977 5341 3194 3515 3119 520 1513 420
420 9616 9355 2963 7793 1350 3433 7364 4839 6777 9565 8050 8229 2601 6460 5012 1569 6270 3787 400 7639 5449 1638 256 1345 8086 4254 4043 2690 6773 9489 9370 1715 7437 532 208 2325 1414 7722 4448 6942 9636 6562 6286 9242 1509 6534 9814 2479 6048
6048 1581 4036 5082 4230 4027 2678 551 6612 5595 5399 3746 1454 3654 9546 2901 9173 9101 6266 8896 6078 8115 16 2465 282 8083 5792 4769 8095 1943 6289 2049 3848 8909 7560 4861 4729 7388 7683 703 2581 9414 8697 930 7902 9795 8595 8971 7537 1576
1576 6409 3557 8783 9592 4451 9451 5959 3145 4525 612 9473 4059 4073 2486 1215 5173 3107 629 1221 9586 1144 570 9903 3662 9213 3395 6016 900 8573 901 2990 7133 4561 5317 7969 2149 4180 2631 977 803 1951 7697 6288 3600 8112 3253 469 5598 2002
2002 3818 6037 8704 5416 4172 7756 4942 9711 6852 8556 7303 4896 2587 5222 3105 226 8081 1572 6644 1587 5561 5304 6138 4085 8643 1730 7789 7481 7518 3319 6550 2275 3771 6490 5221 2256 6857 9692 2871 7962 223 3502 7274 100 6026 276 5356 3289 2891
2891 381 3779 5435 3535 8932 6531 5297 6831 4053 3518 2551 5800 9425 9480 114 3452 3377 5552 4956 5652 2480 8219 5997 4535 1433 5271 7581 5661 7906 5757 5760 8689 309 3042 767 9888 1299 5376 445 3229 2459 6339 8047 9682 7790 9677 3104 7778 9894
9894 182 373 911 4991 1851 4810 4240 6104 9703 754 7668 9886 3679 384 4558 998 3920 2507 3062 2945 7993 8873 7801 1550 1781 957 6896 7953 2946 3381 7575 5853 5335 5146 686 9845 9798 6073 5772 4581 2385 451 9128 5686 1365 1143 8249 5030 6875
6875 338 4842 1835 9271 5531 1240 7770 7611 4549 9985 8850 7489 1763 4931 6155 5226 5191 984 8346 6758 4143 8036 9847 9643 9629 5312 6592 2696 5999 4669 7490 6121 252 1721 7413 9111 4390 1897 1325 3284 7485 4405 1838 5703 2722 3507 5248 8367 7007
7007 3895 4260 8545 8963 2495 4478 4563 8312 2462 5067 1557 6068 5560 6249 9169 8458 9720 1637 4167 7345 3595 7922 3163 4050 2267 6235 9892 9107 130 8926 9820 5431 8068 7688 9882 4406 6148 3688 601 8357 3328 7574 7429 3083 2662 9032 3386 1184 5349
5349 9342 2303 6100 2808 5472 8790 5486 8793 7251 6754 5939 9514 7712 7737 508 9301 7432 8012 547 6044 4029 2120 4354 7479 2148 3139 3736 3133 5405 8339 7191 4467 7631 3546 8891 9477 3392 3447 7317 9621 990 8990 2104 9676 1208 7917 7603 9950 4998
4998 9876 4841 3353 9984 4116 1869 5611 3345 1981 6478 8008 6676 9047 1109 2733 1068 3929 538 1502 4751 8264 1791 796 8924 8908 817 7817 9017 9469 2777 4138 3422 9815 9713 970 877 3794 132 9442 7357 5302 2936 4889 3332 5825 8044 7709 2234 7382
7382 2704 7367 5348 2260 7546 5048 6133 5604 3610 1938 5514 8574 8623 7671 668 9183 8782 8492 1889 405 199 1137 9267 5724 3831 3129 4081 5266 1486 8168 5175 1816 5646 6455 5353 8716 5525 6865 7847 3636 8603 2712 5873 7412 6204 8684 4638 5875 2045
2045 1172 1426 4100 586 317 1499 1795 2295 7545 2239 4845 3784 4900 13 9059 1804 2707 3244 4162 7525 3643 6134 2132 4197 134 3351 28 1907 712 2078 6222 5484 298 8495 7942 829 4665 5053 9753 3297 3048 3753 623 5886 6737 7009 8269 7280 2483
2483 6233 7285 3532 8854 8951 5252 7032 9316 5513 8464 3638 1207 6217 275 600 5115 5756 9001 3585 1156 1218 4289 2345 3165 9340 3870 7830 9167 1266 3045 3632 592 1552 5488 9970 7398 4689 9344 9009 5360 5510 8808 2446 5479 7941 3227 2728 3520 2774
2774 6381 471 5217 193 2664 5249 3863 7148 7302 6313 8032 7079 9744 475 3995 5467 5688 3615 9715 3077 3439 2368 1518 1298 5253 7312 9052 6262 408 5978 6401 6184 1788 7239 6675 720 7636 8649 7982 6919 8266 3962 5207 162 7248 6645 3220 4146 195
195 7406 8063 6005 9838 115 9391 2422 602 963 2110 8466 428 5462 1962 987 9332 5478 6780 9759 7127 3584 8618 2546 1216 2203 569 9460 299 5229 2830 7623 1881 9521 1300 800 6595 1764 1633 1996 1245 885 7101 160 4435 6748 2523 4762 8180 2612
2612 3166 4695 1515 7679 2274 4732 8635 9841 7627 5262 5023 4436 6268 3226 3172 2470 794 4103 5056 8964 5167 9455 1640 8392 653 4408 9329 1898 8390 643 7705 4817 3806 1185 8815 2392 6528 4617 9775 3404 2388 4385 5967 8550 2037 7674 589 822 1176
1176 3826 6853 6006 7337 5985 5084 4024 2788 5605 7696 2645 6476 638 9503 1412 1436 7911 4704 8857 5884 5468 7409 7868 210 1405 3747 4400 2113 9206 8401 4465 1141 3401 5085 7536 9935 5512 6697 3627 4851 4421 135 3269 8978 6966 5122 347 2910 6986
